0 0
0.05 0
0.1 0
0.15 0
0.2 0
0.25 0
0.3 0
0.35 0
0.4 2.54629e-10
0.45 6.55671e-09
0.5 8.37572e-08
0.55 7.07794e-07
0.6 4.45176e-06
0.65 2.22305e-05
0.7 9.18115e-05
0.75 0.000322552
0.8 0.000983981
0.85 0.00264761
0.9 0.00636112
0.95 0.0137821
1 0.0271462
1.05 0.0489368
1.1 0.0812
1.15 0.124613
1.2 0.177608
1.25 0.235944
1.3 0.293068
1.35 0.341303
1.4 0.373579
1.45 0.38516
1.5 0.374767
1.55 0.344748
1.6 0.300295
1.65 0.248041
1.7 0.194533
1.75 0.145036
1.8 0.102907
1.85 0.0695562
1.9 0.0448277
1.95 0.0275705
2 0.0161946
2.05 0.00909147
2.1 0.00488119
2.15 0.0025079
2.2 0.00123376
2.25 0.000581451
2.3 0.000262641
2.35 0.000113754
2.4 4.72608e-05
2.45 1.88416e-05
2.5 7.21037e-06
2.55 2.6494e-06
2.6 9.34972e-07
2.65 3.16964e-07
2.7 1.03244e-07
2.75 3.23174e-08
2.8 9.72262e-09
2.85 2.81158e-09
2.9 7.81577e-10
2.95 2.08867e-10
3 5.366e-11
3.05 1.32529e-11
3.1 3.14658e-12
3.15 7.18127e-13
3.2 1.57528e-13
3.25 3.32087e-14
3.3 6.72694e-15
3.35 1.3091e-15
3.4 2.44693e-16
3.45 4.39189e-17
3.5 7.56727e-18
3.55 1.25124e-18
3.6 1.98472e-19
3.65 3.01883e-20
3.7 4.40113e-21
3.75 6.14698e-22
3.8 8.22047e-23
3.85 1.05199e-23
3.9 1.28743e-24
3.95 1.50567e-25
4 1.68149e-26
4.05 1.79163e-27
4.1 1.81969e-28
4.15 1.75997e-29
4.2 1.6192e-30
4.25 1.41535e-31
4.3 1.17389e-32
4.35 9.22516e-34
4.4 6.85832e-35
4.45 4.81513e-36
4.5 3.18652e-37
4.55 1.98347e-38
4.6 1.15854e-39
4.65 6.33338e-41
4.7 3.23086e-42
4.75 1.5329e-43
4.8 6.73879e-45
4.85 2.73306e-46
4.9 1.01753e-47
4.95 3.45749e-49
5 1.06491e-50
5.05 2.94886e-52
5.1 7.26896e-54
5.15 1.57552e-55
5.2 2.9561e-57
5.25 4.70384e-59
5.3 6.17217e-61
5.35 6.412e-63
5.4 4.94466e-65
5.45 2.51629e-67
5.5 6.33825e-70
5.55 0
5.6 0
5.65 0
5.7 0
5.75 0
5.8 0
5.85 0
5.9 0
5.95 0
6 0
6.05 0
6.1 0
6.15 0
6.2 0
6.25 0
6.3 0
6.35 0
6.4 0
6.45 0
6.5 0
6.55 0
6.6 0
6.65 0
6.7 0
6.75 0
6.8 0
6.85 0
6.9 0
6.95 0
7 0
