0 0
0.05 0
0.1 0
0.15 0
0.2 0
0.25 0
0.3 0
0.35 0
0.4 5.18689e-20
0.45 2.63235e-18
0.5 6.64992e-17
0.55 1.11498e-15
0.6 1.39588e-14
0.65 1.39184e-13
0.7 1.15138e-12
0.75 8.12769e-12
0.8 4.9979e-11
0.85 2.71966e-10
0.9 1.32599e-09
0.95 5.85087e-09
1 2.35588e-08
1.05 8.71675e-08
1.1 2.98122e-07
1.15 9.47287e-07
1.2 2.80892e-06
1.25 7.80282e-06
1.3 2.03756e-05
1.35 5.01701e-05
1.4 0.000116799
1.45 0.000257729
1.5 0.000540237
1.55 0.00107791
1.6 0.00205095
1.65 0.00372768
1.7 0.00648193
1.75 0.0107987
1.8 0.017259
1.85 0.026495
1.9 0.039112
1.95 0.0555791
2 0.0761017
2.05 0.100498
2.1 0.128108
2.15 0.15776
2.2 0.187824
2.25 0.216344
2.3 0.241252
2.35 0.260617
2.4 0.272899
2.45 0.277148
2.5 0.273127
2.55 0.261325
2.6 0.242867
2.65 0.219345
2.7 0.192596
2.75 0.164477
2.8 0.136669
2.85 0.110538
2.9 0.0870522
2.95 0.0667766
3 0.0499101
3.05 0.0363585
3.1 0.025823
3.15 0.017886
3.2 0.012085
3.25 0.00796749
3.3 0.00512676
3.35 0.00322045
3.4 0.00197534
3.45 0.00118335
3.5 0.000692512
3.55 0.000395974
3.6 0.000221267
3.65 0.000120854
3.7 6.45314e-05
3.75 3.36919e-05
3.8 1.72026e-05
3.85 8.59105e-06
3.9 4.19706e-06
3.95 2.0061e-06
4 9.38277e-07
4.05 4.29472e-07
4.1 1.92406e-07
4.15 8.43795e-08
4.2 3.62274e-08
4.25 1.52288e-08
4.3 6.26859e-09
4.35 2.52692e-09
4.4 9.97631e-10
4.45 3.85785e-10
4.5 1.46135e-10
4.55 5.42289e-11
4.6 1.97155e-11
4.65 7.02286e-12
4.7 2.45121e-12
4.75 8.38364e-13
4.8 2.80993e-13
4.85 9.22984e-14
4.9 2.97131e-14
4.95 9.3751e-15
5 2.89933e-15
5.05 8.78878e-16
5.1 2.61146e-16
5.15 7.60632e-17
5.2 2.17177e-17
5.25 6.07868e-18
5.3 1.6679e-18
5.35 4.48643e-19
5.4 1.18306e-19
5.45 3.05838e-20
5.5 7.75096e-21
5.55 1.92574e-21
5.6 4.69048e-22
5.65 1.11998e-22
5.7 2.62162e-23
5.75 6.01574e-24
5.8 1.35319e-24
5.85 2.98382e-25
5.9 6.44932e-26
5.95 1.36637e-26
6 2.83743e-27
6.05 5.77515e-28
6.1 1.15203e-28
6.15 2.25219e-29
6.2 4.31486e-30
6.25 8.10071e-31
6.3 1.49021e-31
6.35 2.68603e-32
6.4 4.74332e-33
6.45 8.206e-34
6.5 1.39067e-34
6.55 2.30845e-35
6.6 3.75304e-36
6.65 5.97549e-37
6.7 9.31637e-38
6.75 1.42219e-38
6.8 2.12548e-39
6.85 3.10955e-40
6.9 4.4527e-41
6.95 6.23996e-42
7 8.55683e-43
