0 0
0.05 0
0.1 0
0.15 0
0.2 0
0.25 0
0.3 0
0.35 0
0.4 4.38433e-49
0.45 5.5133e-47
0.5 3.45987e-45
0.55 1.44473e-43
0.6 4.51587e-42
0.65 1.12708e-40
0.7 2.33966e-39
0.75 4.15498e-38
0.8 6.44404e-37
0.85 8.86661e-36
0.9 1.09588e-34
0.95 1.22895e-33
1 1.26089e-32
1.05 1.19184e-31
1.1 1.04408e-30
1.15 8.51999e-30
1.2 6.50537e-29
1.25 4.66583e-28
1.3 3.15439e-27
1.35 2.01638e-26
1.4 1.22208e-25
1.45 7.04026e-25
1.5 3.86385e-24
1.55 2.02437e-23
1.6 1.01443e-22
1.65 4.87042e-22
1.7 2.24398e-21
1.75 9.93615e-21
1.8 4.2341e-20
1.85 1.7386e-19
1.9 6.88727e-19
1.95 2.63504e-18
2 9.74693e-18
2.05 3.4891e-17
2.1 1.20982e-16
2.15 4.06688e-16
2.2 1.32645e-15
2.25 4.20088e-15
2.3 1.29279e-14
2.35 3.86855e-14
2.4 1.12639e-13
2.45 3.19312e-13
2.5 8.81835e-13
2.55 2.37382e-12
2.6 6.23201e-12
2.65 1.59644e-11
2.7 3.99236e-11
2.75 9.7514e-11
2.8 2.32732e-10
2.85 5.42979e-10
2.9 1.23887e-09
2.95 2.76541e-09
3 6.04149e-09
3.05 1.29223e-08
3.1 2.70705e-08
3.15 5.55602e-08
3.2 1.11759e-07
3.25 2.20386e-07
3.3 4.26189e-07
3.35 8.08473e-07
3.4 1.50485e-06
3.45 2.74918e-06
3.5 4.93073e-06
3.55 8.68414e-06
3.6 1.5023e-05
3.65 2.5533e-05
3.7 4.26446e-05
3.75 7.00067e-05
3.8 0.000112986
3.85 0.00017931
3.9 0.000279882
3.95 0.00042975
4 0.000649251
4.05 0.000965263
4.1 0.00141252
4.15 0.00203485
4.2 0.00288627
4.25 0.0040316
4.3 0.00554659
4.35 0.00751711
4.4 0.0100373
4.45 0.0132066
4.5 0.0171252
4.55 0.0218882
4.6 0.0275788
4.65 0.0342603
4.7 0.0419676
4.75 0.0506989
4.8 0.0604087
4.85 0.0710018
4.9 0.0823303
4.95 0.0941937
5 0.106342
5.05 0.118483
5.1 0.130293
5.15 0.141432
5.2 0.151559
5.25 0.160348
5.3 0.16751
5.35 0.172803
5.4 0.17605
5.45 0.177149
5.5 0.176075
5.55 0.172881
5.6 0.167699
5.65 0.160724
5.7 0.152207
5.75 0.142439
5.8 0.131733
5.85 0.120412
5.9 0.10879
5.95 0.097158
6 0.0857776
6.05 0.0748698
6.1 0.064611
6.15 0.055132
6.2 0.0465187
6.25 0.0388157
6.3 0.032031
6.35 0.0261425
6.4 0.0211038
6.45 0.0168516
6.5 0.0133111
6.55 0.0104017
6.6 0.00804151
6.65 0.0061509
6.7 0.00465513
6.75 0.00348611
6.8 0.00258339
6.85 0.00189453
6.9 0.00137499
6.95 0.000987648
7 0.000702159
