0 0
0.05 0
0.1 0
0.15 0
0.2 0
0.25 0
0.3 0
0.35 0
0.4 1.67772e-17
0.45 1.62739e-15
0.5 7.57156e-14
0.55 2.24897e-12
0.6 4.78873e-11
0.65 7.78099e-10
0.7 1.00274e-08
0.75 1.05162e-07
0.8 9.13775e-07
0.85 6.66351e-06
0.9 4.1157e-05
0.95 0.000216712
1 0.000977056
1.05 0.00378171
1.1 0.0125799
1.15 0.0359582
1.2 0.0881933
1.25 0.185141
1.3 0.331486
1.35 0.503948
1.4 0.646967
1.45 0.696554
1.5 0.622836
1.55 0.455155
1.6 0.263862
1.65 0.114517
1.7 0.0330566
1.75 0.00472237
1.8 0
1.85 0
1.9 0
1.95 0
2 0
2.05 0
2.1 0
2.15 0
2.2 0
2.25 0
2.3 0
2.35 0
2.4 0
2.45 0
2.5 0
2.55 0
2.6 0
2.65 0
2.7 0
2.75 0
2.8 0
2.85 0
2.9 0
2.95 0
3 0
3.05 0
3.1 0
3.15 0
3.2 0
3.25 0
3.3 0
3.35 0
3.4 0
3.45 0
3.5 0
3.55 0
3.6 0
3.65 0
3.7 0
3.75 0
3.8 0
3.85 0
3.9 0
3.95 0
4 0
4.05 0
4.1 0
4.15 0
4.2 0
4.25 0
4.3 0
4.35 0
4.4 0
4.45 0
4.5 0
4.55 0
4.6 0
4.65 0
4.7 0
4.75 0
4.8 0
4.85 0
4.9 0
4.95 0
5 0
5.05 0
5.1 0
5.15 0
5.2 0
5.25 0
5.3 0
5.35 0
5.4 0
5.45 0
5.5 0
5.55 0
5.6 0
5.65 0
5.7 0
5.75 0
5.8 0
5.85 0
5.9 0
5.95 0
6 0
6.05 0
6.1 0
6.15 0
6.2 0
6.25 0
6.3 0
6.35 0
6.4 0
6.45 0
6.5 0
6.55 0
6.6 0
6.65 0
6.7 0
6.75 0
6.8 0
6.85 0
6.9 0
6.95 0
7 0
