0 0
0.05 0
0.1 0
0.15 0
0.2 0
0.25 0
0.3 0
0.35 0
0.4 5.6295e-35
0.45 1.10901e-32
0.5 1.07034e-30
0.55 6.74498e-29
0.6 3.1209e-27
0.65 1.13045e-25
0.7 3.33749e-24
0.75 8.25667e-23
0.8 1.74638e-21
0.85 3.20647e-20
0.9 5.17156e-19
0.95 7.3966e-18
1 9.45356e-17
1.05 1.08657e-15
1.1 1.12902e-14
1.15 1.06521e-13
1.2 9.15957e-13
1.25 7.20067e-12
1.3 5.18888e-11
1.35 3.43509e-10
1.4 2.09299e-09
1.45 1.1755e-08
1.5 6.09307e-08
1.55 2.91761e-07
1.6 1.29154e-06
1.65 5.28798e-06
1.7 2.00306e-05
1.75 7.02011e-05
1.8 0.000227605
1.85 0.000682428
1.9 0.00189118
1.95 0.00484044
2 0.0114313
2.05 0.0248799
2.1 0.0498352
2.15 0.0917135
2.2 0.154775
2.25 0.238979
2.3 0.33673
2.35 0.431671
2.4 0.50168
2.45 0.526336
2.5 0.495943
2.55 0.417032
2.6 0.310436
2.65 0.202434
2.7 0.114032
2.75 0.0544354
2.8 0.0214313
2.85 0.00668353
2.9 0.00154767
2.95 0.000236388
3 1.78406e-05
3.05 0
3.1 0
3.15 0
3.2 0
3.25 0
3.3 0
3.35 0
3.4 0
3.45 0
3.5 0
3.55 0
3.6 0
3.65 0
3.7 0
3.75 0
3.8 0
3.85 0
3.9 0
3.95 0
4 0
4.05 0
4.1 0
4.15 0
4.2 0
4.25 0
4.3 0
4.35 0
4.4 0
4.45 0
4.5 0
4.55 0
4.6 0
4.65 0
4.7 0
4.75 0
4.8 0
4.85 0
4.9 0
4.95 0
5 0
5.05 0
5.1 0
5.15 0
5.2 0
5.25 0
5.3 0
5.35 0
5.4 0
5.45 0
5.5 0
5.55 0
5.6 0
5.65 0
5.7 0
5.75 0
5.8 0
5.85 0
5.9 0
5.95 0
6 0
6.05 0
6.1 0
6.15 0
6.2 0
6.25 0
6.3 0
6.35 0
6.4 0
6.45 0
6.5 0
6.55 0
6.6 0
6.65 0
6.7 0
6.75 0
6.8 0
6.85 0
6.9 0
6.95 0
7 0
