0 0
0.05 0
0.1 0
0.15 0
0.2 0
0.25 0
0.3 0
0.35 0
0.4 2.12676e-87
0.45 1.057e-84
0.5 2.60556e-82
0.55 4.24724e-80
0.6 5.15011e-78
0.65 4.95483e-76
0.7 3.93953e-74
0.75 2.66235e-72
0.8 1.56105e-70
0.85 8.06694e-69
0.9 3.71965e-67
0.95 1.54572e-65
1 5.83668e-64
1.05 2.01651e-62
1.1 6.41176e-61
1.15 1.88575e-59
1.2 5.15252e-58
1.25 1.31295e-56
1.3 3.13068e-55
1.35 7.00643e-54
1.4 1.47567e-52
1.45 2.932e-51
1.5 5.50768e-50
1.55 9.80078e-49
1.6 1.65509e-47
1.65 2.65684e-46
1.7 4.06016e-45
1.75 5.91501e-44
1.8 8.22537e-43
1.85 1.09308e-41
1.9 1.38968e-40
1.95 1.69193e-39
2 1.97449e-38
2.05 2.21062e-37
2.1 2.37632e-36
2.15 2.45444e-35
2.2 2.4376e-34
2.25 2.32924e-33
2.3 2.14275e-32
2.35 1.89881e-31
2.4 1.6217e-30
2.45 1.33554e-29
2.5 1.06105e-28
2.55 8.13565e-28
2.6 6.02285e-27
2.65 4.30651e-26
2.7 2.97517e-25
2.75 1.98656e-24
2.8 1.28239e-23
2.85 8.00548e-23
2.9 4.83408e-22
2.95 2.82423e-21
3 1.59675e-20
3.05 8.7379e-20
3.1 4.62901e-19
3.15 2.37436e-18
3.2 1.17935e-17
3.25 5.67324e-17
3.3 2.64335e-16
3.35 1.19304e-15
3.4 5.21628e-15
3.45 2.20953e-14
3.5 9.06752e-14
3.55 3.60529e-13
3.6 1.38886e-12
3.65 5.18374e-12
3.7 1.87451e-11
3.75 6.5671e-11
3.8 2.22887e-10
3.85 7.32807e-10
3.9 2.33376e-09
3.95 7.19855e-09
4 2.15034e-08
4.05 6.21995e-08
4.1 1.7419e-07
4.15 4.72226e-07
4.2 1.23905e-06
4.25 3.14598e-06
4.3 7.72791e-06
4.35 1.83614e-05
4.4 4.2187e-05
4.45 9.37058e-05
4.5 0.00020116
4.55 0.000417227
4.6 0.000835815
4.65 0.0016166
4.7 0.00301774
4.75 0.00543465
4.8 0.00943804
4.85 0.0157983
4.9 0.0254764
4.95 0.039558
5 0.0591091
5.05 0.0849435
5.1 0.117322
5.15 0.155633
5.2 0.198137
5.25 0.241893
5.3 0.282944
5.35 0.316803
5.4 0.339195
5.45 0.346904
5.5 0.338493
5.55 0.31471
5.6 0.278406
5.65 0.23398
5.7 0.186499
5.75 0.140719
5.8 0.1003
5.85 0.0673779
5.9 0.0425476
5.95 0.0251829
6 0.0139245
6.05 0.00716572
6.1 0.00341727
6.15 0.00150271
6.2 0.000605785
6.25 0.000222348
6.3 7.36971e-05
6.35 2.18393e-05
6.4 5.71517e-06
6.45 1.30016e-06
6.5 2.51881e-07
6.55 4.04013e-08
6.6 5.15065e-09
6.65 4.89278e-10
6.7 3.07828e-11
6.75 9.61963e-13
6.8 0
6.85 0
6.9 0
6.95 0
7 0
