 0 0 0
 0 0.1 0
 0 0.2 0
 0 0.3 0
 0 0.4 3.78768e-17
 0 0.5 4.23929e-17
 0 0.6 8.02697e-17
 0 0.7 0
 0 0.8 0
 0 0.9 0
 0 1 0
 0.1 0 0
 0.1 0.1 0.000120996
 0.1 0.2 0.00169023
 0.1 0.3 0.00303568
 0.1 0.4 0.00366082
 0.1 0.5 0.00788792
 0.1 0.6 0.00780572
 0.1 0.7 0.00426349
 0.1 0.8 0.00266886
 0.1 0.9 0.000834905
 0.1 1 3.78437e-17
 0.2 0 0
 0.2 0.1 0.000737378
 0.2 0.2 0.00395453
 0.2 0.3 0.0139675
 0.2 0.4 0.0146205
 0.2 0.5 0.00930485
 0.2 0.6 0.0106974
 0.2 0.7 0.0132284
 0.2 0.8 0.000555791
 0.2 0.9 0.00121042
 0.2 1 7.19829e-17
 0.3 0 0
 0.3 0.1 0.00294266
 0.3 0.2 0.0140266
 0.3 0.3 0.00803174
 0.3 0.4 0.0106101
 0.3 0.5 0.0159859
 0.3 0.6 0.0143669
 0.3 0.7 0.00729773
 0.3 0.8 0.00780645
 0.3 0.9 0.00114352
 0.3 1 9.9076e-17
 0.4 0 0
 0.4 0.1 0.00404632
 0.4 0.2 0.0115091
 0.4 0.3 0.0119345
 0.4 0.4 0.0243596
 0.4 0.5 0.0177141
 0.4 0.6 0.0200942
 0.4 0.7 0.0118096
 0.4 0.8 0.0112233
 0.4 0.9 0.00351048
 0.4 1 1.16471e-16
 0.5 0 7.26749e-17
 0.5 0.1 0.00662382
 0.5 0.2 0.00449421
 0.5 0.3 0.0202054
 0.5 0.4 0.0155318
 0.5 0.5 0.0219008
 0.5 0.6 0.0219527
 0.5 0.7 0.0235402
 0.5 0.8 0.00432021
 0.5 0.9 0.0065403
 0.5 1 1.22465e-16
 0.6 0 0
 0.6 0.1 0.004163
 0.6 0.2 0.0106068
 0.6 0.3 0.01506
 0.6 0.4 0.0198967
 0.6 0.5 0.0246155
 0.6 0.6 0.0236564
 0.6 0.7 0.0111798
 0.6 0.8 0.0118833
 0.6 0.9 0.0039267
 0.6 1 1.16471e-16
 0.7 0 0
 0.7 0.1 0.00325014
 0.7 0.2 0.0145341
 0.7 0.3 0.00811893
 0.7 0.4 0.0154071
 0.7 0.5 0.0233495
 0.7 0.6 0.0099939
 0.7 0.7 0.00690502
 0.7 0.8 0.0137284
 0.7 0.9 0.00324659
 0.7 1 9.9076e-17
 0.8 0 0
 0.8 0.1 0.00103283
 0.8 0.2 0.00420877
 0.8 0.3 0.0148938
 0.8 0.4 0.0134035
 0.8 0.5 0.00742655
 0.8 0.6 0.0141171
 0.8 0.7 0.0135739
 0.8 0.8 0.00428898
 0.8 0.9 0.000708587
 0.8 1 7.19829e-17
 0.9 0 0
 0.9 0.1 0.000124062
 0.9 0.2 0.00182657
 0.9 0.3 0.00441857
 0.9 0.4 0.00397949
 0.9 0.5 0.00707879
 0.9 0.6 0.00351662
 0.9 0.7 0.00385564
 0.9 0.8 0.00122455
 0.9 0.9 0.000134441
 0.9 1 3.78437e-17
 1 0 0
 1 0.1 3.78437e-17
 1 0.2 7.19829e-17
 1 0.3 9.9076e-17
 1 0.4 1.16471e-16
 1 0.5 1.99317e-16
 1 0.6 1.16471e-16
 1 0.7 9.9076e-17
 1 0.8 7.19829e-17
 1 0.9 3.78437e-17
 1 1 1.49976e-32
