 0 0 0
 0 0.1 0
 0 0.2 0
 0 0.3 0
 0 0.4 0
 0 0.5 1.88061e-17
 0 0.6 0
 0 0.7 0
 0 0.8 0
 0 0.9 0
 0 1 0
 0.1 0 0
 0.1 0.1 0.00063559
 0.1 0.2 0.000623919
 0.1 0.3 0.000213201
 0.1 0.4 0.000339554
 0.1 0.5 0.000297483
 0.1 0.6 2.90633e-05
 0.1 0.7 0.000271993
 0.1 0.8 0.000779739
 0.1 0.9 0.000620009
 0.1 1 3.78437e-17
 0.2 0 0
 0.2 0.1 0.000101191
 0.2 0.2 9.27495e-05
 0.2 0.3 0.000609683
 0.2 0.4 0.000869209
 0.2 0.5 0.000877666
 0.2 0.6 0.000315536
 0.2 0.7 0.00044331
 0.2 0.8 0.000862392
 0.2 0.9 0.000524754
 0.2 1 7.19829e-17
 0.3 0 0
 0.3 0.1 0.000513139
 0.3 0.2 0.000825882
 0.3 0.3 0.000945893
 0.3 0.4 0.00111651
 0.3 0.5 0.00120822
 0.3 0.6 0.000752818
 0.3 0.7 0.000286756
 0.3 0.8 0.000414086
 0.3 0.9 0.000265423
 0.3 1 9.9076e-17
 0.4 0 0
 0.4 0.1 0.000503639
 0.4 0.2 0.000932302
 0.4 0.3 0.000871515
 0.4 0.4 0.000981541
 0.4 0.5 0.00119376
 0.4 0.6 0.00125099
 0.4 0.7 0.000884766
 0.4 0.8 0.000609793
 0.4 0.9 0.000117628
 0.4 1 1.16471e-16
 0.5 0 3.80084e-17
 0.5 0.1 0.000408603
 0.5 0.2 0.000824361
 0.5 0.3 0.000430823
 0.5 0.4 0.000713801
 0.5 0.5 0.00148576
 0.5 0.6 0.0014779
 0.5 0.7 0.0011282
 0.5 0.8 0.00092206
 0.5 0.9 0.000320821
 0.5 1 1.22465e-16
 0.6 0 0
 0.6 0.1 0.000481474
 0.6 0.2 0.000903878
 0.6 0.3 0.000782834
 0.6 0.4 0.000892975
 0.6 0.5 0.00125939
 0.6 0.6 0.00127877
 0.6 0.7 0.000915419
 0.6 0.8 0.000617473
 0.6 0.9 0.000114589
 0.6 1 1.16471e-16
 0.7 0 0
 0.7 0.1 0.000158634
 0.7 0.2 0.000882855
 0.7 0.3 0.000929326
 0.7 0.4 0.00109623
 0.7 0.5 0.00117599
 0.7 0.6 0.000747878
 0.7 0.7 0.000327755
 0.7 0.8 0.000410583
 0.7 0.9 0.000268745
 0.7 1 9.9076e-17
 0.8 0 0
 0.8 0.1 5.0548e-06
 0.8 0.2 0.000292303
 0.8 0.3 0.000635377
 0.8 0.4 0.000877222
 0.8 0.5 0.000866904
 0.8 0.6 0.000303441
 0.8 0.7 0.000442894
 0.8 0.8 0.000832853
 0.8 0.9 0.000503231
 0.8 1 7.19829e-17
 0.9 0 0
 0.9 0.1 0.000365851
 0.9 0.2 0.000551691
 0.9 0.3 0.000262936
 0.9 0.4 0.000365018
 0.9 0.5 0.000297816
 0.9 0.6 4.63583e-05
 0.9 0.7 0.000210946
 0.9 0.8 0.000654562
 0.9 0.9 0.000835852
 0.9 1 3.78437e-17
 1 0 0
 1 0.1 3.78437e-17
 1 0.2 7.19829e-17
 1 0.3 9.9076e-17
 1 0.4 1.16471e-16
 1 0.5 1.22465e-16
 1 0.6 1.16471e-16
 1 0.7 9.9076e-17
 1 0.8 7.19829e-17
 1 0.9 3.78437e-17
 1 1 1.49976e-32
