 0 0 0
 0 0.1 0
 0 0.2 0
 0 0.3 0
 0 0.4 0
 0 0.5 0
 0 0.6 0
 0 0.7 0
 0 0.8 3.67382e-17
 0 0.9 3.67382e-17
 0 1 3.67382e-17
 0.1 0 0
 0.1 0.1 0.0478809
 0.1 0.2 0.0373723
 0.1 0.3 0.0115946
 0.1 0.4 0.0163476
 0.1 0.5 0.0306703
 0.1 0.6 0.0144709
 0.1 0.7 0.0127573
 0.1 0.8 0.00946932
 0.1 0.9 0.0644078
 0.1 1 3.78437e-17
 0.2 0 0
 0.2 0.1 0.0364355
 0.2 0.2 0.0190942
 0.2 0.3 0.0142882
 0.2 0.4 0.00383792
 0.2 0.5 0.0427647
 0.2 0.6 0.030428
 0.2 0.7 0.0391369
 0.2 0.8 0.0192885
 0.2 0.9 0.0217363
 0.2 1 7.19829e-17
 0.3 0 0
 0.3 0.1 0.00849335
 0.3 0.2 0.0277701
 0.3 0.3 0.0704231
 0.3 0.4 0.0552143
 0.3 0.5 0.0624487
 0.3 0.6 0.0224213
 0.3 0.7 0.0433281
 0.3 0.8 0.0399746
 0.3 0.9 0.0048855
 0.3 1 9.9076e-17
 0.4 0 0
 0.4 0.1 0.0201276
 0.4 0.2 0.0170297
 0.4 0.3 0.0552326
 0.4 0.4 0.0564562
 0.4 0.5 0.0706426
 0.4 0.6 0.0508407
 0.4 0.7 0.0642462
 0.4 0.8 0.0145354
 0.4 0.9 0.0106538
 0.4 1 1.16471e-16
 0.5 0 0
 0.5 0.1 0.0325182
 0.5 0.2 0.0413434
 0.5 0.3 0.0554228
 0.5 0.4 0.0217787
 0.5 0.5 0.0739371
 0.5 0.6 0.0568653
 0.5 0.7 0.0573887
 0.5 0.8 0.0392841
 0.5 0.9 0.0314268
 0.5 1 2.29903e-16
 0.6 0 0
 0.6 0.1 0.0150295
 0.6 0.2 0.00812053
 0.6 0.3 0.0727474
 0.6 0.4 0.0744979
 0.6 0.5 0.0909394
 0.6 0.6 0.0269228
 0.6 0.7 0.0354992
 0.6 0.8 0.0286671
 0.6 0.9 0.027107
 0.6 1 1.16471e-16
 0.7 0 0
 0.7 0.1 0.00547226
 0.7 0.2 0.0284717
 0.7 0.3 0.0587262
 0.7 0.4 0.0386775
 0.7 0.5 0.0715503
 0.7 0.6 0.0620672
 0.7 0.7 0.0611415
 0.7 0.8 0.0306385
 0.7 0.9 0.00931696
 0.7 1 9.9076e-17
 0.8 0 0
 0.8 0.1 0.0279757
 0.8 0.2 0.0126023
 0.8 0.3 0.00794303
 0.8 0.4 0.00702661
 0.8 0.5 0.0458839
 0.8 0.6 0.028893
 0.8 0.7 0.0181351
 0.8 0.8 0.0212857
 0.8 0.9 0.033605
 0.8 1 7.19829e-17
 0.9 0 0
 0.9 0.1 0.0504329
 0.9 0.2 0.0357112
 0.9 0.3 0.0143341
 0.9 0.4 0.0178974
 0.9 0.5 0.0380663
 0.9 0.6 0.0320871
 0.9 0.7 0.0118055
 0.9 0.8 0.0356077
 0.9 0.9 0.0400517
 0.9 1 3.78437e-17
 1 0 0
 1 0.1 3.78437e-17
 1 0.2 7.19829e-17
 1 0.3 9.9076e-17
 1 0.4 1.16471e-16
 1 0.5 2.37141e-16
 1 0.6 1.16471e-16
 1 0.7 9.9076e-17
 1 0.8 7.19829e-17
 1 0.9 3.78437e-17
 1 1 1.49976e-32
