 0 0 0
 0 0.1 0
 0 0.2 0
 0 0.3 0
 0 0.4 0
 0 0.5 1.54024e-16
 0 0.6 0
 0 0.7 0
 0 0.8 0
 0 0.9 0
 0 1 0
 0.1 0 0
 0.1 0.1 0.308757
 0.1 0.2 0.0204885
 0.1 0.3 0.0478758
 0.1 0.4 0.0917685
 0.1 0.5 0.0965542
 0.1 0.6 0.0752267
 0.1 0.7 0.0313341
 0.1 0.8 0.0370303
 0.1 0.9 0.34184
 0.1 1 3.78437e-17
 0.2 0 0
 0.2 0.1 0.0204885
 0.2 0.2 0.463005
 0.2 0.3 0.07128
 0.2 0.4 0.149599
 0.2 0.5 0.16286
 0.2 0.6 0.121685
 0.2 0.7 0.0381964
 0.2 0.8 0.0918403
 0.2 0.9 0.0370303
 0.2 1 7.19829e-17
 0.3 0 0
 0.3 0.1 0.0478758
 0.3 0.2 0.07128
 0.3 0.3 0.048136
 0.3 0.4 0.147541
 0.3 0.5 0.171629
 0.3 0.6 0.116525
 0.3 0.7 0.00148922
 0.3 0.8 0.0381964
 0.3 0.9 0.0313341
 0.3 1 9.9076e-17
 0.4 0 0
 0.4 0.1 0.0917685
 0.4 0.2 0.149599
 0.4 0.3 0.147541
 0.4 0.4 0.210847
 0.4 0.5 0.213751
 0.4 0.6 0.123559
 0.4 0.7 0.116525
 0.4 0.8 0.121685
 0.4 0.9 0.0752267
 0.4 1 1.16471e-16
 0.5 0 1.54024e-16
 0.5 0.1 0.0965542
 0.5 0.2 0.16286
 0.5 0.3 0.171629
 0.5 0.4 0.213751
 0.5 0.5 0.561899
 0.5 0.6 0.213751
 0.5 0.7 0.171629
 0.5 0.8 0.16286
 0.5 0.9 0.0965542
 0.5 1 1.22465e-16
 0.6 0 0
 0.6 0.1 0.0752267
 0.6 0.2 0.121685
 0.6 0.3 0.116525
 0.6 0.4 0.123559
 0.6 0.5 0.213751
 0.6 0.6 0.210847
 0.6 0.7 0.147541
 0.6 0.8 0.149599
 0.6 0.9 0.0917685
 0.6 1 1.16471e-16
 0.7 0 0
 0.7 0.1 0.0313341
 0.7 0.2 0.0381964
 0.7 0.3 0.00148922
 0.7 0.4 0.116525
 0.7 0.5 0.171629
 0.7 0.6 0.147541
 0.7 0.7 0.558236
 0.7 0.8 0.07128
 0.7 0.9 0.0478758
 0.7 1 9.9076e-17
 0.8 0 0
 0.8 0.1 0.0370303
 0.8 0.2 0.0918403
 0.8 0.3 0.0381964
 0.8 0.4 0.121685
 0.8 0.5 0.16286
 0.8 0.6 0.149599
 0.8 0.7 0.07128
 0.8 0.8 0.463005
 0.8 0.9 0.0204885
 0.8 1 7.19829e-17
 0.9 0 0
 0.9 0.1 0.123174
 0.9 0.2 0.0370303
 0.9 0.3 0.0313341
 0.9 0.4 0.0752267
 0.9 0.5 0.0965542
 0.9 0.6 0.0917685
 0.9 0.7 0.0478758
 0.9 0.8 0.0204885
 0.9 0.9 0.308757
 0.9 1 3.78437e-17
 1 0 0
 1 0.1 3.78437e-17
 1 0.2 7.19829e-17
 1 0.3 9.9076e-17
 1 0.4 1.16471e-16
 1 0.5 1.22465e-16
 1 0.6 1.16471e-16
 1 0.7 9.9076e-17
 1 0.8 7.19829e-17
 1 0.9 3.78437e-17
 1 1 1.49976e-32
