 0 0 0
 0 0.1 0
 0 0.2 0
 0 0.3 0
 0 0.4 0
 0 0.5 0
 0 0.6 0
 0 0.7 0
 0 0.8 0
 0 0.9 0
 0 1 0
 0.1 0 0
 0.1 0.1 0.00287461
 0.1 0.2 0.00299226
 0.1 0.3 0.000368725
 0.1 0.4 0.00177001
 0.1 0.5 0.000481925
 0.1 0.6 0.00173438
 0.1 0.7 0.000320643
 0.1 0.8 0.00203827
 0.1 0.9 0.00294209
 0.1 1 3.78437e-17
 0.2 0 0
 0.2 0.1 0.0020372
 0.2 0.2 0.00418397
 0.2 0.3 0.00312614
 0.2 0.4 0.00346957
 0.2 0.5 0.00209439
 0.2 0.6 0.00322926
 0.2 0.7 9.89236e-05
 0.2 0.8 0.000962852
 0.2 0.9 0.00199318
 0.2 1 7.19829e-17
 0.3 0 0
 0.3 0.1 3.17227e-05
 0.3 0.2 0.00048778
 0.3 0.3 0.00208366
 0.3 0.4 0.00391243
 0.3 0.5 0.00402601
 0.3 0.6 0.00318903
 0.3 0.7 0.00344508
 0.3 0.8 0.000807618
 0.3 0.9 0.000562563
 0.3 1 9.9076e-17
 0.4 0 0
 0.4 0.1 0.0018634
 0.4 0.2 0.00383445
 0.4 0.3 0.00504532
 0.4 0.4 0.00493535
 0.4 0.5 0.00347973
 0.4 0.6 0.00264595
 0.4 0.7 0.00150985
 0.4 0.8 0.00244927
 0.4 0.9 0.00162759
 0.4 1 1.16471e-16
 0.5 0 0
 0.5 0.1 0.000647865
 0.5 0.2 0.00250045
 0.5 0.3 0.0046089
 0.5 0.4 0.00606556
 0.5 0.5 0.00634302
 0.5 0.6 0.00555904
 0.5 0.7 0.00460775
 0.5 0.8 0.0022053
 0.5 0.9 0.000434493
 0.5 1 1.22465e-16
 0.6 0 0
 0.6 0.1 0.00195207
 0.6 0.2 0.00388219
 0.6 0.3 0.00501323
 0.6 0.4 0.00480171
 0.6 0.5 0.00341125
 0.6 0.6 0.00245385
 0.6 0.7 0.00521463
 0.6 0.8 0.00408525
 0.6 0.9 0.0018836
 0.6 1 1.16471e-16
 0.7 0 0
 0.7 0.1 2.23051e-05
 0.7 0.2 0.000651146
 0.7 0.3 0.00262231
 0.7 0.4 0.00339079
 0.7 0.5 0.0040735
 0.7 0.6 0.00458321
 0.7 0.7 0.00460399
 0.7 0.8 0.000777936
 0.7 0.9 0.000144212
 0.7 1 9.9076e-17
 0.8 0 0
 0.8 0.1 0.0028968
 0.8 0.2 0.00353857
 0.8 0.3 8.74127e-05
 0.8 0.4 0.00394784
 0.8 0.5 0.00263617
 0.8 0.6 0.00372479
 0.8 0.7 0.00198751
 0.8 0.8 0.00386691
 0.8 0.9 0.00191024
 0.8 1 7.19829e-17
 0.9 0 0
 0.9 0.1 0.00285565
 0.9 0.2 0.00191293
 0.9 0.3 6.58254e-05
 0.9 0.4 0.00179703
 0.9 0.5 0.000635765
 0.9 0.6 0.0019774
 0.9 0.7 1.11882e-05
 0.9 0.8 0.00325545
 0.9 0.9 0.00293989
 0.9 1 3.78437e-17
 1 0 0
 1 0.1 3.78437e-17
 1 0.2 7.19829e-17
 1 0.3 9.9076e-17
 1 0.4 1.16471e-16
 1 0.5 1.22465e-16
 1 0.6 1.16471e-16
 1 0.7 9.9076e-17
 1 0.8 7.19829e-17
 1 0.9 3.78437e-17
 1 1 1.49976e-32
