0 0.0374094
0.025 0.0623678
0.05 0.0853092
0.075 0.106678
0.1 0.126754
0.125 0.145667
0.15 0.163422
0.175 0.179932
0.2 0.19505
0.225 0.208599
0.25 0.220403
0.275 0.23031
0.3 0.238203
0.325 0.244015
0.35 0.247724
0.375 0.249359
0.4 0.248991
0.425 0.246728
0.45 0.242711
0.475 0.237105
0.5 0.230099
0.525 0.221904
0.55 0.212759
0.575 0.202944
0.6 0.192808
0.625 0.182812
0.65 0.1736
0.675 0.166094
0.7 0.161632
0.725 0.162142
0.75 0.170358
0.775 0.190057
0.8 0.226319
0.825 0.285767
0.85 0.376751
0.875 0.509444
0.9 0.695789
0.925 0.949257
0.95 1.28439
0.975 1.71606
1 2.25857
