0 -1.65256
0.025 -1.45673
0.05 -1.27814
0.075 -1.11497
0.1 -0.965523
0.125 -0.828248
0.15 -0.701747
0.175 -0.584794
0.2 -0.476336
0.225 -0.375502
0.25 -0.281604
0.275 -0.194139
0.3 -0.112798
0.325 -0.0374684
0.35 0.0317579
0.375 0.0945768
0.4 0.150466
0.425 0.198678
0.45 0.238239
0.475 0.267949
0.5 0.286387
0.525 0.291927
0.55 0.282758
0.575 0.256924
0.6 0.212371
0.625 0.147016
0.65 0.0588338
0.675 -0.0540337
0.7 -0.193138
0.725 -0.359563
0.75 -0.553726
0.775 -0.775152
0.8 -1.02221
0.825 -1.29184
0.85 -1.57919
0.875 -1.87731
0.9 -2.17675
0.925 -2.46522
0.95 -2.72717
0.975 -2.94346
1 -3.09106
