0 -3.98092
0.025 -3.7536
0.05 -3.53248
0.075 -3.31795
0.1 -3.1102
0.125 -2.90925
0.15 -2.71506
0.175 -2.52754
0.2 -2.34663
0.225 -2.17227
0.25 -2.00452
0.275 -1.8435
0.3 -1.68946
0.325 -1.54278
0.35 -1.40398
0.375 -1.27374
0.4 -1.15288
0.425 -1.0424
0.45 -0.943443
0.475 -0.857288
0.5 -0.785338
0.525 -0.729087
0.55 -0.690078
0.575 -0.669847
0.6 -0.669854
0.625 -0.691396
0.65 -0.735498
0.675 -0.802787
0.7 -0.893337
0.725 -1.0065
0.75 -1.1407
0.775 -1.29323
0.8 -1.45997
0.825 -1.63518
0.85 -1.81119
0.875 -1.97813
0.9 -2.12368
0.925 -2.2328
0.95 -2.2875
0.975 -2.26675
1 -2.14629
