0 0
0.01 0.0257302
0.02 0.0510546
0.03 0.0755739
0.04 0.0989013
0.05 0.120669
0.06 0.140534
0.07 0.158182
0.08 0.173336
0.09 0.185756
0.1 0.195247
0.11 0.201658
0.12 0.204889
0.13 0.204889
0.14 0.201658
0.15 0.195247
0.16 0.185756
0.17 0.173336
0.18 0.158182
0.19 0.140534
0.2 0.120669
0.21 0.0989013
0.22 0.0755739
0.23 0.0510546
0.24 0.0257302
0.25 2.70549e-17
0.26 -0.0257302
0.27 -0.0510546
0.28 -0.0755739
0.29 -0.0989013
0.3 -0.120669
0.31 -0.140534
0.32 -0.158182
0.33 -0.173336
0.34 -0.185756
0.35 -0.195247
0.36 -0.201658
0.37 -0.204889
0.38 -0.204889
0.39 -0.201658
0.4 -0.195247
0.41 -0.185756
0.42 -0.173336
0.43 -0.158182
0.44 -0.140534
0.45 -0.120669
0.46 -0.0989013
0.47 -0.0755739
0.48 -0.0510546
0.49 -0.0257302
0.5 -1.07417e-17
0.51 0.0257302
0.52 0.0510546
0.53 0.0755739
0.54 0.0989013
0.55 0.120669
0.56 0.140534
0.57 0.158182
0.58 0.173336
0.59 0.185756
0.6 0.195247
0.61 0.201658
0.62 0.204889
0.63 0.204889
0.64 0.201658
0.65 0.195247
0.66 0.185756
0.67 0.173336
0.68 0.158182
0.69 0.140534
0.7 0.120669
0.71 0.0989013
0.72 0.0755739
0.73 0.0510546
0.74 0.0257302
0.75 4.83683e-18
0.76 -0.0257302
0.77 -0.0510546
0.78 -0.0755739
0.79 -0.0989013
0.8 -0.120669
0.81 -0.140534
0.82 -0.158182
0.83 -0.173336
0.84 -0.185756
0.85 -0.195247
0.86 -0.201658
0.87 -0.204889
0.88 -0.204889
0.89 -0.201658
0.9 -0.195247
0.91 -0.185756
0.92 -0.173336
0.93 -0.158182
0.94 -0.140534
0.95 -0.120669
0.96 -0.0989013
0.97 -0.0755739
0.98 -0.0510546
0.99 -0.0257302
1 0
