0 0
0.01 0.0567878
0.02 0.11268
0.03 0.166795
0.04 0.21828
0.05 0.266322
0.06 0.310164
0.07 0.349115
0.08 0.38256
0.09 0.409972
0.1 0.430918
0.11 0.445069
0.12 0.4522
0.13 0.4522
0.14 0.445069
0.15 0.430918
0.16 0.409972
0.17 0.38256
0.18 0.349115
0.19 0.310164
0.2 0.266322
0.21 0.21828
0.22 0.166795
0.23 0.11268
0.24 0.0567878
0.25 5.65452e-17
0.26 -0.0567878
0.27 -0.11268
0.28 -0.166795
0.29 -0.21828
0.3 -0.266322
0.31 -0.310164
0.32 -0.349115
0.33 -0.38256
0.34 -0.409972
0.35 -0.430918
0.36 -0.445069
0.37 -0.4522
0.38 -0.4522
0.39 -0.445069
0.4 -0.430918
0.41 -0.409972
0.42 -0.38256
0.43 -0.349115
0.44 -0.310164
0.45 -0.266322
0.46 -0.21828
0.47 -0.166795
0.48 -0.11268
0.49 -0.0567878
0.5 -5.41098e-17
0.51 0.0567878
0.52 0.11268
0.53 0.166795
0.54 0.21828
0.55 0.266322
0.56 0.310164
0.57 0.349115
0.58 0.38256
0.59 0.409972
0.6 0.430918
0.61 0.445069
0.62 0.4522
0.63 0.4522
0.64 0.445069
0.65 0.430918
0.66 0.409972
0.67 0.38256
0.68 0.349115
0.69 0.310164
0.7 0.266322
0.71 0.21828
0.72 0.166795
0.73 0.11268
0.74 0.0567878
0.75 2.73882e-17
0.76 -0.0567878
0.77 -0.11268
0.78 -0.166795
0.79 -0.21828
0.8 -0.266322
0.81 -0.310164
0.82 -0.349115
0.83 -0.38256
0.84 -0.409972
0.85 -0.430918
0.86 -0.445069
0.87 -0.4522
0.88 -0.4522
0.89 -0.445069
0.9 -0.430918
0.91 -0.409972
0.92 -0.38256
0.93 -0.349115
0.94 -0.310164
0.95 -0.266322
0.96 -0.21828
0.97 -0.166795
0.98 -0.11268
0.99 -0.0567878
1 0
