0 -1.55793
0.025 -1.37125
0.05 -1.20102
0.075 -1.04546
0.1 -0.902936
0.125 -0.771938
0.15 -0.65113
0.175 -0.539342
0.2 -0.435574
0.225 -0.338999
0.25 -0.248971
0.275 -0.165023
0.3 -0.0868764
0.325 -0.014447
0.35 0.0521489
0.375 0.112586
0.4 0.166323
0.425 0.212595
0.45 0.250412
0.475 0.27856
0.5 0.295602
0.525 0.2999
0.55 0.28963
0.575 0.262825
0.6 0.217418
0.625 0.151314
0.65 0.062479
0.675 -0.0509557
0.7 -0.190551
0.725 -0.3574
0.75 -0.551927
0.775 -0.773665
0.8 -1.021
0.825 -1.29085
0.85 -1.5784
0.875 -1.87669
0.9 -2.17628
0.925 -2.46488
0.95 -2.72695
0.975 -2.94335
1 -3.09106
