0 0.0380268
0.025 0.0619183
0.05 0.0842053
0.075 0.105244
0.1 0.125228
0.125 0.144212
0.15 0.162135
0.175 0.178859
0.2 0.194198
0.225 0.207952
0.25 0.219932
0.275 0.229979
0.3 0.23798
0.325 0.24387
0.35 0.247633
0.375 0.249304
0.4 0.248959
0.425 0.24671
0.45 0.242701
0.475 0.2371
0.5 0.230097
0.525 0.221903
0.55 0.212759
0.575 0.202944
0.6 0.192808
0.625 0.182812
0.65 0.1736
0.675 0.166094
0.7 0.161632
0.725 0.162142
0.75 0.170358
0.775 0.190057
0.8 0.226319
0.825 0.285767
0.85 0.376751
0.875 0.509444
0.9 0.695789
0.925 0.949257
0.95 1.28439
0.975 1.71606
1 2.25857
