0 -3.86637
0.025 -3.64211
0.05 -3.4245
0.075 -3.21378
0.1 -3.01004
0.125 -2.81322
0.15 -2.62321
0.175 -2.4399
0.2 -2.26316
0.225 -2.09294
0.25 -1.92926
0.275 -1.77223
0.3 -1.62209
0.325 -1.47922
0.35 -1.34413
0.375 -1.21749
0.4 -1.10013
0.425 -0.993025
0.45 -0.897329
0.475 -0.814318
0.5 -0.745393
0.525 -0.692046
0.55 -0.655821
0.575 -0.638255
0.6 -0.640809
0.625 -0.664784
0.65 -0.711209
0.675 -0.780713
0.7 -0.873377
0.725 -0.988558
0.75 -1.12469
0.775 -1.27906
0.8 -1.44757
0.825 -1.62448
0.85 -1.80213
0.875 -1.97067
0.9 -2.11776
0.925 -2.22839
0.95 -2.28458
0.975 -2.26529
1 -2.14629
